{
 "cells": [
  {
   "cell_type": "code",
   "execution_count": 16,
   "metadata": {},
   "outputs": [],
   "source": [
    "import numpy as np\n",
    "from ripser import Rips, ripser\n",
    "import matplotlib.pyplot as plt\n",
    "from get_hdmatrices import TARG\n",
    "\n",
    "import pandas as pd"
   ]
  },
  {
   "cell_type": "markdown",
   "metadata": {},
   "source": [
    "## Data Preprocessing"
   ]
  },
  {
   "cell_type": "code",
   "execution_count": 48,
   "metadata": {},
   "outputs": [],
   "source": [
    "# params = {\n",
    "#     \"SAMPLES\": 10,\n",
    "#     \"SIMULATIONS\": 5,\n",
    "#     \"GROUPS\": 1,\n",
    "#     \"SEGSITES\": 100,\n",
    "#     \"FNAME\": \"sim_50_72.txt\"\n",
    "# }\n",
    "\n",
    "params = {\n",
    "    \"SAMPLES\": 60, # no. of lines/chromosomes per sim\n",
    "    \"SIMULATIONS\": 5, # no. of sim per file\n",
    "    \"GROUPS\": 1, # no. of files\n",
    "    \"SEGSITES\": 300,\n",
    "    \"FNAME\": \"sims_200_72.txt\"\n",
    "}\n",
    "\n",
    "targ = TARG(samples=params[\"SAMPLES\"],\n",
    "            simulations=params[\"SIMULATIONS\"],\n",
    "            groups=params[\"GROUPS\"],\n",
    "            segsites=params[\"SEGSITES\"],\n",
    "            maxdim=2 #max dimension for homology computations\n",
    "            )\n",
    "\n",
    "# File Processing\n",
    "# (SIMULATIONS, SAMPLES)\n",
    "group = targ.get_sample_sequences(params[\"FNAME\"])\n",
    "\n",
    "# Hamming Distance Matrix Computation\n",
    "# (SIMULATIONS, SAMPLES, SAMPLES)\n",
    "hdmatrices = targ.get_hdmatrices(group)\n",
    "\n",
    "# Add Stochasticity Computation\n",
    "# (SIMULATIONS, VARIANCES, SAMPLES, SAMPLES)\n",
    "stochmatrices = targ.add_stochasticity(hdmatrices)\n",
    "var_values = np.around(np.linspace(0, 2, 21), decimals=2)\n",
    "\n",
    "\n",
    "# Sparsity Sampling\n",
    "sparse_samples = targ.get_sparse_samples(group) # output is list of sequences\n",
    "sparse_values = [0.1, 0.2, 0.3, 0.4, 0.5, 0.6, 0.7, 0.8, 0.9, 1]"
   ]
  },
  {
   "cell_type": "code",
   "execution_count": 18,
   "metadata": {},
   "outputs": [],
   "source": [
    "# Process Sparse Samples into Hamming Distance Matrices\n",
    "\n",
    "# Initialize a new list to store the Hamming distance matrices\n",
    "sparse_hdmats = []\n",
    "\n",
    "for sim_idx in range(targ.SIMULATIONS):\n",
    "    sim_matrices = []  # List to hold matrices for all sampling ratios within a simulation\n",
    "    \n",
    "    sequences = sparse_samples[sim_idx]  # Get the sequences at this sampling ratio\n",
    "    hdmats = targ.get_hdmatrices(sequences)  # Compute the Hamming distance matrix\n",
    "    \n",
    "    sparse_hdmats.append(hdmats)  # Append the list of matrices for this simulation to the main list\n"
   ]
  },
  {
   "cell_type": "code",
   "execution_count": 19,
   "metadata": {},
   "outputs": [
    {
     "data": {
      "text/plain": [
       "[[array([[  0.,  68.,  66.,  91.,  46.,  96.],\n",
       "         [ 68.,   0.,  66.,  99.,  86.,  78.],\n",
       "         [ 66.,  66.,   0.,  95., 100.,  90.],\n",
       "         [ 91.,  99.,  95.,   0.,  73.,  75.],\n",
       "         [ 46.,  86., 100.,  73.,   0.,  90.],\n",
       "         [ 96.,  78.,  90.,  75.,  90.,   0.]]),\n",
       "  array([[  0.,  17.,  68.,  92.,  47.,  87., 104.,  56.,  67.,  82.,  48.,\n",
       "           63.],\n",
       "         [ 17.,   0.,  59.,  81.,  60.,  80.,  99.,  49.,  80.,  67.,  55.,\n",
       "           48.],\n",
       "         [ 68.,  59.,   0.,  98.,  85.,  53.,  80.,  64.,  75.,  80.,  90.,\n",
       "           57.],\n",
       "         [ 92.,  81.,  98.,   0.,  67.,  93.,  94.,  86., 103.,  32., 100.,\n",
       "           87.],\n",
       "         [ 47.,  60.,  85.,  67.,   0.,  82., 103.,  61.,  76.,  75.,  53.,\n",
       "           76.],\n",
       "         [ 87.,  80.,  53.,  93.,  82.,   0.,  47.,  79.,  46.,  89.,  73.,\n",
       "           76.],\n",
       "         [104.,  99.,  80.,  94., 103.,  47.,   0., 100.,  81.,  86.,  92.,\n",
       "           95.],\n",
       "         [ 56.,  49.,  64.,  86.,  61.,  79., 100.,   0.,  63.,  56.,  64.,\n",
       "           35.],\n",
       "         [ 67.,  80.,  75., 103.,  76.,  46.,  81.,  63.,   0.,  91.,  57.,\n",
       "           76.],\n",
       "         [ 82.,  67.,  80.,  32.,  75.,  89.,  86.,  56.,  91.,   0.,  86.,\n",
       "           59.],\n",
       "         [ 48.,  55.,  90., 100.,  53.,  73.,  92.,  64.,  57.,  86.,   0.,\n",
       "           77.],\n",
       "         [ 63.,  48.,  57.,  87.,  76.,  76.,  95.,  35.,  76.,  59.,  77.,\n",
       "            0.]]),\n",
       "  array([[  0.,  66.,  55.,  65.,  68.,  66.,  62.,  92.,  77.,  88.,  97.,\n",
       "           66.,  86.,  82.,  87.,  63.,  51.,   1.],\n",
       "         [ 66.,   0.,  63.,  91.,  60.,  92.,  76., 104.,  93., 102.,  65.,\n",
       "           82.,  46.,  86.,  83.,  89.,  75.,  67.],\n",
       "         [ 55.,  63.,   0.,  76.,  59.,  77.,  35.,  87.,  80.,  77.,  86.,\n",
       "           61.,  79.,  89.,  90.,  74.,  56.,  56.],\n",
       "         [ 65.,  91.,  76.,   0.,  83.,   5.,  69.,  81.,  54.,  75.,  90.,\n",
       "           65.,  73.,  65.,  74.,   2.,  80.,  66.],\n",
       "         [ 68.,  60.,  59.,  83.,   0.,  84.,  58.,  88.,  69.,  88.,  57.,\n",
       "           82.,  40.,  68.,  69.,  81.,  65.,  69.],\n",
       "         [ 66.,  92.,  77.,   5.,  84.,   0.,  70.,  82.,  55.,  76.,  91.,\n",
       "           66.,  74.,  66.,  75.,   3.,  81.,  67.],\n",
       "         [ 62.,  76.,  35.,  69.,  58.,  70.,   0.,  88.,  71.,  78.,  85.,\n",
       "           70.,  76.,  86.,  79.,  67.,  67.,  63.],\n",
       "         [ 92., 104.,  87.,  81.,  88.,  82.,  88.,   0.,  71.,  22., 103.,\n",
       "           74.,  94.,  74.,  43.,  79.,  73.,  93.],\n",
       "         [ 77.,  93.,  80.,  54.,  69.,  55.,  71.,  71.,   0.,  59.,  90.,\n",
       "           21.,  71.,  51.,  70.,  52.,  58.,  78.],\n",
       "         [ 88., 102.,  77.,  75.,  88.,  76.,  78.,  22.,  59.,   0.,  95.,\n",
       "           62.,  88.,  64.,  27.,  73.,  63.,  89.],\n",
       "         [ 97.,  65.,  86.,  90.,  57.,  91.,  85., 103.,  90.,  95.,   0.,\n",
       "           97.,  27.,  61.,  72.,  88.,  78.,  98.],\n",
       "         [ 66.,  82.,  61.,  65.,  82.,  66.,  70.,  74.,  21.,  62.,  97.,\n",
       "            0.,  82.,  62.,  73.,  63.,  61.,  67.],\n",
       "         [ 86.,  46.,  79.,  73.,  40.,  74.,  76.,  94.,  71.,  88.,  27.,\n",
       "           82.,   0.,  70.,  61.,  71.,  79.,  87.],\n",
       "         [ 82.,  86.,  89.,  65.,  68.,  66.,  86.,  74.,  51.,  64.,  61.,\n",
       "           62.,  70.,   0.,  41.,  63.,  81.,  83.],\n",
       "         [ 87.,  83.,  90.,  74.,  69.,  75.,  79.,  43.,  70.,  27.,  72.,\n",
       "           73.,  61.,  41.,   0.,  72.,  84.,  88.],\n",
       "         [ 63.,  89.,  74.,   2.,  81.,   3.,  67.,  79.,  52.,  73.,  88.,\n",
       "           63.,  71.,  63.,  72.,   0.,  78.,  64.],\n",
       "         [ 51.,  75.,  56.,  80.,  65.,  81.,  67.,  73.,  58.,  63.,  78.,\n",
       "           61.,  79.,  81.,  84.,  78.,   0.,  52.],\n",
       "         [  1.,  67.,  56.,  66.,  69.,  67.,  63.,  93.,  78.,  89.,  98.,\n",
       "           67.,  87.,  83.,  88.,  64.,  52.,   0.]]),\n",
       "  array([[  0.,  85.,  60.,  75.,  85.,  67.,  88.,  80.,  57.,  84.,  99.,\n",
       "           90.,  62.,  59.,  62.,  86.,  75.,  71.,  83.,  85.,  85.,  91.,\n",
       "           89.,  60.],\n",
       "         [ 85.,   0.,  89.,  88.,  32.,  46.,  45., 103.,  76.,  67.,  68.,\n",
       "           77.,  83.,  60.,  83.,  89.,  76.,  70.,  30.,  32.,  70.,   8.,\n",
       "           68.,  81.],\n",
       "         [ 60.,  89.,   0.,  97., 101.,  97.,  72.,  64.,  85.,  90., 103.,\n",
       "           52.,  90.,  87.,  90.,  74.,  65.,  83.,  99., 101.,  97.,  95.,\n",
       "           95.,  88.],\n",
       "         [ 75.,  88.,  97.,   0.,  96.,  82.,  97.,  81.,  54.,  57.,  54.,\n",
       "           67.,  41.,  74.,  41.,  77.,  96.,  92.,  94.,  96.,  70.,  92.,\n",
       "           48.,  39.],\n",
       "         [ 85.,  32., 101.,  96.,   0.,  36.,  45., 113.,  68.,  77.,  78.,\n",
       "           93.,  91.,  44.,  91.,  85.,  72.,  60.,   2.,   0.,  58.,  38.,\n",
       "           74.,  89.],\n",
       "         [ 67.,  46.,  97.,  82.,  36.,   0.,  37., 103.,  62.,  77.,  92.,\n",
       "           85.,  65.,  16.,  65.,  83.,  66.,  52.,  34.,  36.,  66.,  52.,\n",
       "           88.,  63.],\n",
       "         [ 88.,  45.,  72.,  97.,  45.,  37.,   0.,  80.,  75.,  78.,  95.,\n",
       "           60.,  88.,  53.,  88.,  62.,  49.,  63.,  43.,  45.,  67.,  51.,\n",
       "           83.,  86.],\n",
       "         [ 80., 103.,  64.,  81., 113., 103.,  80.,   0.,  95.,  60.,  95.,\n",
       "           58.,  74.,  99.,  74.,  56.,  81.,  95., 111., 113.,  79., 109.,\n",
       "           83.,  72.],\n",
       "         [ 57.,  76.,  85.,  54.,  68.,  62.,  75.,  95.,   0.,  71.,  88.,\n",
       "           93.,  69.,  48.,  69.,  73.,  76.,  44.,  66.,  68.,  70.,  82.,\n",
       "           78.,  67.],\n",
       "         [ 84.,  67.,  90.,  57.,  77.,  77.,  78.,  60.,  71.,   0.,  71.,\n",
       "           52.,  54.,  73.,  54.,  46.,  93.,  85.,  75.,  77.,  21.,  73.,\n",
       "           59.,  52.],\n",
       "         [ 99.,  68., 103.,  54.,  78.,  92.,  95.,  95.,  88.,  71.,   0.,\n",
       "           77.,  81.,  82.,  81.,  77., 104.,  92.,  76.,  78.,  74.,  68.,\n",
       "           22.,  79.],\n",
       "         [ 90.,  77.,  52.,  67.,  93.,  85.,  60.,  58.,  93.,  52.,  77.,\n",
       "            0.,  50.,  79.,  50.,  40.,  83.,  91.,  91.,  93.,  63.,  81.,\n",
       "           71.,  48.],\n",
       "         [ 62.,  83.,  90.,  41.,  91.,  65.,  88.,  74.,  69.,  54.,  81.,\n",
       "           50.,   0.,  59.,   4.,  64.,  91.,  87.,  89.,  91.,  65.,  87.,\n",
       "           75.,   2.],\n",
       "         [ 59.,  60.,  87.,  74.,  44.,  16.,  53.,  99.,  48.,  73.,  82.,\n",
       "           79.,  59.,   0.,  59.,  69.,  80.,  36.,  42.,  44.,  62.,  66.,\n",
       "           78.,  57.],\n",
       "         [ 62.,  83.,  90.,  41.,  91.,  65.,  88.,  74.,  69.,  54.,  81.,\n",
       "           50.,   4.,  59.,   0.,  64.,  91.,  87.,  89.,  91.,  65.,  87.,\n",
       "           75.,   2.],\n",
       "         [ 86.,  89.,  74.,  77.,  85.,  83.,  62.,  56.,  73.,  46.,  77.,\n",
       "           40.,  64.,  69.,  64.,   0.,  75.,  81.,  83.,  85.,  45.,  95.,\n",
       "           67.,  62.],\n",
       "         [ 75.,  76.,  65.,  96.,  72.,  66.,  49.,  81.,  76.,  93., 104.,\n",
       "           83.,  91.,  80.,  91.,  75.,   0.,  78.,  70.,  72.,  82.,  70.,\n",
       "          102.,  89.],\n",
       "         [ 71.,  70.,  83.,  92.,  60.,  52.,  63.,  95.,  44.,  85.,  92.,\n",
       "           91.,  87.,  36.,  87.,  81.,  78.,   0.,  58.,  60.,  74.,  76.,\n",
       "           88.,  85.],\n",
       "         [ 83.,  30.,  99.,  94.,   2.,  34.,  43., 111.,  66.,  75.,  76.,\n",
       "           91.,  89.,  42.,  89.,  83.,  70.,  58.,   0.,   2.,  56.,  36.,\n",
       "           72.,  87.],\n",
       "         [ 85.,  32., 101.,  96.,   0.,  36.,  45., 113.,  68.,  77.,  78.,\n",
       "           93.,  91.,  44.,  91.,  85.,  72.,  60.,   2.,   0.,  58.,  38.,\n",
       "           74.,  89.],\n",
       "         [ 85.,  70.,  97.,  70.,  58.,  66.,  67.,  79.,  70.,  21.,  74.,\n",
       "           63.,  65.,  62.,  65.,  45.,  82.,  74.,  56.,  58.,   0.,  76.,\n",
       "           62.,  63.],\n",
       "         [ 91.,   8.,  95.,  92.,  38.,  52.,  51., 109.,  82.,  73.,  68.,\n",
       "           81.,  87.,  66.,  87.,  95.,  70.,  76.,  36.,  38.,  76.,   0.,\n",
       "           76.,  85.],\n",
       "         [ 89.,  68.,  95.,  48.,  74.,  88.,  83.,  83.,  78.,  59.,  22.,\n",
       "           71.,  75.,  78.,  75.,  67., 102.,  88.,  72.,  74.,  62.,  76.,\n",
       "            0.,  73.],\n",
       "         [ 60.,  81.,  88.,  39.,  89.,  63.,  86.,  72.,  67.,  52.,  79.,\n",
       "           48.,   2.,  57.,   2.,  62.,  89.,  85.,  87.,  89.,  63.,  85.,\n",
       "           73.,   0.]]),\n",
       "  array([[  0.,  95.,  99.,  22.,  66., 102.,  71.,  46.,  95.,  77.,  54.,\n",
       "           74.,  40.,  92.,  68.,  77.,  87.,  58.,  68.,  76., 103.,  74.,\n",
       "           81.,  88., 104.,  87.,  81.,  74.,  64.,   1.],\n",
       "         [ 95.,   0.,  54.,  89.,  75.,  23.,  72.,  71.,  48.,  68.,  77.,\n",
       "           83.,  83.,  77.,  87.,  94.,  60.,  59.,  83.,  93.,  28.,  71.,\n",
       "           72.,  77.,  47.,  80.,  72.,  71.,  81.,  94.],\n",
       "         [ 99.,  54.,   0.,  89.,  97.,  59.,  84.,  73.,  80.,  52.,  75.,\n",
       "           85.,  79.,  71.,  91.,  84.,  58.,  73.,  85.,  83.,  60.,  97.,\n",
       "           62.,  57.,  75.,  64.,  62.,  97.,  83.,  98.],\n",
       "         [ 22.,  89.,  89.,   0.,  58.,  90.,  59.,  60.,  83.,  73.,  48.,\n",
       "           62.,  30.,  88.,  76.,  73.,  87.,  68.,  68.,  72.,  95.,  64.,\n",
       "           75.,  78., 102.,  77.,  75.,  64.,  52.,  21.],\n",
       "         [ 66.,  75.,  97.,  58.,   0.,  76.,  45.,  94.,  61.,  69.,  78.,\n",
       "           56.,  70.,  86.,  84.,  83.,  97.,  80.,  78.,  82.,  67.,   8.,\n",
       "           65.,  86.,  86.,  89.,  65.,   8.,  48.,  65.],\n",
       "         [102.,  23.,  59.,  90.,  76.,   0.,  75.,  80.,  37.,  69.,  92.,\n",
       "           82.,  86.,  74.,  96.,  93.,  73.,  74.,  90.,  92.,  39.,  72.,\n",
       "           87.,  78.,  56.,  77.,  87.,  72.,  82., 101.],\n",
       "         [ 71.,  72.,  84.,  59.,  45.,  75.,   0.,  77.,  60.,  56.,  57.,\n",
       "           21.,  55.,  85.,  73.,  76.,  92.,  65.,  67.,  75.,  90.,  51.,\n",
       "           54.,  71.,  93.,  80.,  54.,  51.,  17.,  70.],\n",
       "         [ 46.,  71.,  73.,  60.,  94.,  80.,  77.,   0.,  81.,  51.,  64.,\n",
       "           86.,  54.,  92.,  72.,  87.,  75.,  44.,  76.,  86.,  83., 102.,\n",
       "           75.,  88.,  96.,  83.,  75., 102.,  84.,  45.],\n",
       "         [ 95.,  48.,  80.,  83.,  61.,  37.,  60.,  81.,   0.,  48.,  81.,\n",
       "           79.,  77.,  95., 109., 112.,  88.,  91., 103., 111.,  64.,  57.,\n",
       "           74.,  95.,  81., 100.,  74.,  57.,  75.,  94.],\n",
       "         [ 77.,  68.,  52.,  73.,  69.,  69.,  56.,  51.,  48.,   0.,  59.,\n",
       "           75.,  69.,  75.,  95.,  94.,  86.,  73.,  89.,  93.,  78.,  71.,\n",
       "           46.,  75.,  97.,  84.,  46.,  71.,  71.,  76.],\n",
       "         [ 54.,  77.,  75.,  48.,  78.,  92.,  57.,  64.,  81.,  59.,   0.,\n",
       "           70.,  54.,  92.,  92.,  95., 101.,  72.,  88.,  94.,  97.,  78.,\n",
       "           41.,  54.,  96.,  81.,  41.,  78.,  64.,  53.],\n",
       "         [ 74.,  83.,  85.,  62.,  56.,  82.,  21.,  86.,  79.,  75.,  70.,\n",
       "            0.,  60.,  74.,  76.,  57.,  99.,  76.,  70.,  56.,  97.,  62.,\n",
       "           65.,  70.,  82.,  61.,  65.,  62.,  16.,  73.],\n",
       "         [ 40.,  83.,  79.,  30.,  70.,  86.,  55.,  54.,  77.,  69.,  54.,\n",
       "           60.,   0.,  88.,  66.,  71.,  77.,  62.,  60.,  70.,  85.,  76.,\n",
       "           67.,  84., 102.,  79.,  67.,  76.,  58.,  39.],\n",
       "         [ 92.,  77.,  71.,  88.,  86.,  74.,  85.,  92.,  95.,  75.,  92.,\n",
       "           74.,  88.,   0.,  76.,  59.,  93.,  74.,  70.,  58.,  83.,  88.,\n",
       "           87.,  44.,  78.,  45.,  87.,  88.,  78.,  91.],\n",
       "         [ 68.,  87.,  91.,  76.,  84.,  96.,  73.,  72., 109.,  95.,  92.,\n",
       "           76.,  66.,  76.,   0.,  37.,  79.,  42.,   8.,  36.,  95.,  92.,\n",
       "           87.,  82.,  70.,  67.,  87.,  92.,  82.,  67.],\n",
       "         [ 77.,  94.,  84.,  73.,  83.,  93.,  76.,  87., 112.,  94.,  95.,\n",
       "           57.,  71.,  59.,  37.,   0.,  82.,  49.,  31.,   5., 100.,  91.,\n",
       "           90.,  67.,  71.,  42.,  90.,  91.,  71.,  76.],\n",
       "         [ 87.,  60.,  58.,  87.,  97.,  73.,  92.,  75.,  88.,  86., 101.,\n",
       "           99.,  77.,  93.,  79.,  82.,   0.,  63.,  75.,  81.,  72., 105.,\n",
       "           98.,  99.,  87.,  84.,  98., 105., 101.,  86.],\n",
       "         [ 58.,  59.,  73.,  68.,  80.,  74.,  65.,  44.,  91.,  73.,  72.,\n",
       "           76.,  62.,  74.,  42.,  49.,  63.,   0.,  38.,  48.,  77.,  88.,\n",
       "           67.,  74.,  96.,  65.,  67.,  88.,  74.,  57.],\n",
       "         [ 68.,  83.,  85.,  68.,  78.,  90.,  67.,  76., 103.,  89.,  88.,\n",
       "           70.,  60.,  70.,   8.,  31.,  75.,  38.,   0.,  30.,  89.,  86.,\n",
       "           83.,  76.,  76.,  61.,  83.,  86.,  76.,  67.],\n",
       "         [ 76.,  93.,  83.,  72.,  82.,  92.,  75.,  86., 111.,  93.,  94.,\n",
       "           56.,  70.,  58.,  36.,   5.,  81.,  48.,  30.,   0.,  99.,  90.,\n",
       "           89.,  66.,  70.,  39.,  89.,  90.,  70.,  75.],\n",
       "         [103.,  28.,  60.,  95.,  67.,  39.,  90.,  83.,  64.,  78.,  97.,\n",
       "           97.,  85.,  83.,  95., 100.,  72.,  77.,  89.,  99.,   0.,  61.,\n",
       "           90.,  85.,  65.,  86.,  90.,  61.,  95., 102.],\n",
       "         [ 74.,  71.,  97.,  64.,   8.,  72.,  51., 102.,  57.,  71.,  78.,\n",
       "           62.,  76.,  88.,  92.,  91., 105.,  88.,  86.,  90.,  61.,   0.,\n",
       "           65.,  86.,  86.,  89.,  65.,   0.,  54.,  73.],\n",
       "         [ 81.,  72.,  62.,  75.,  65.,  87.,  54.,  75.,  74.,  46.,  41.,\n",
       "           65.,  67.,  87.,  87.,  90.,  98.,  67.,  83.,  89.,  90.,  65.,\n",
       "            0.,  69.,  91.,  76.,   4.,  65.,  63.,  80.],\n",
       "         [ 88.,  77.,  57.,  78.,  86.,  78.,  71.,  88.,  95.,  75.,  54.,\n",
       "           70.,  84.,  44.,  82.,  67.,  99.,  74.,  76.,  66.,  85.,  86.,\n",
       "           69.,   0.,  76.,  35.,  69.,  86.,  60.,  87.],\n",
       "         [104.,  47.,  75., 102.,  86.,  56.,  93.,  96.,  81.,  97.,  96.,\n",
       "           82., 102.,  78.,  70.,  71.,  87.,  96.,  76.,  70.,  65.,  86.,\n",
       "           91.,  76.,   0.,  63.,  91.,  86.,  94., 103.],\n",
       "         [ 87.,  80.,  64.,  77.,  89.,  77.,  80.,  83., 100.,  84.,  81.,\n",
       "           61.,  79.,  45.,  67.,  42.,  84.,  65.,  61.,  39.,  86.,  89.,\n",
       "           76.,  35.,  63.,   0.,  76.,  89.,  73.,  86.],\n",
       "         [ 81.,  72.,  62.,  75.,  65.,  87.,  54.,  75.,  74.,  46.,  41.,\n",
       "           65.,  67.,  87.,  87.,  90.,  98.,  67.,  83.,  89.,  90.,  65.,\n",
       "            4.,  69.,  91.,  76.,   0.,  65.,  63.,  80.],\n",
       "         [ 74.,  71.,  97.,  64.,   8.,  72.,  51., 102.,  57.,  71.,  78.,\n",
       "           62.,  76.,  88.,  92.,  91., 105.,  88.,  86.,  90.,  61.,   0.,\n",
       "           65.,  86.,  86.,  89.,  65.,   0.,  54.,  73.],\n",
       "         [ 64.,  81.,  83.,  52.,  48.,  82.,  17.,  84.,  75.,  71.,  64.,\n",
       "           16.,  58.,  78.,  82.,  71., 101.,  74.,  76.,  70.,  95.,  54.,\n",
       "           63.,  60.,  94.,  73.,  63.,  54.,   0.,  63.],\n",
       "         [  1.,  94.,  98.,  21.,  65., 101.,  70.,  45.,  94.,  76.,  53.,\n",
       "           73.,  39.,  91.,  67.,  76.,  86.,  57.,  67.,  75., 102.,  73.,\n",
       "           80.,  87., 103.,  86.,  80.,  73.,  63.,   0.]]),\n",
       "  array([[  0.,  22., 104., ...,  93.,  66.,  92.],\n",
       "         [ 22.,   0., 102., ...,  89.,  58.,  88.],\n",
       "         [104., 102.,   0., ...,  67.,  86.,  66.],\n",
       "         ...,\n",
       "         [ 93.,  89.,  67., ...,   0.,  81.,   1.],\n",
       "         [ 66.,  58.,  86., ...,  81.,   0.,  80.],\n",
       "         [ 92.,  88.,  66., ...,   1.,  80.,   0.]]),\n",
       "  array([[  0.,  90.,  67., ...,  84.,  51.,  87.],\n",
       "         [ 90.,   0.,  63., ...,  96.,  95.,  83.],\n",
       "         [ 67.,  63.,   0., ..., 113.,  84.,  82.],\n",
       "         ...,\n",
       "         [ 84.,  96., 113., ...,   0.,  81.,  81.],\n",
       "         [ 51.,  95.,  84., ...,  81.,   0.,  76.],\n",
       "         [ 87.,  83.,  82., ...,  81.,  76.,   0.]]),\n",
       "  array([[  0.,  61.,  41., ...,  90.,  73.,  76.],\n",
       "         [ 61.,   0.,  72., ...,  99., 102.,  85.],\n",
       "         [ 41.,  72.,   0., ...,  91.,  42.,  51.],\n",
       "         ...,\n",
       "         [ 90.,  99.,  91., ...,   0.,  75.,  70.],\n",
       "         [ 73., 102.,  42., ...,  75.,   0.,  39.],\n",
       "         [ 76.,  85.,  51., ...,  70.,  39.,   0.]]),\n",
       "  array([[  0., 111.,  88., ...,  56.,  61., 100.],\n",
       "         [111.,   0.,  81., ...,  83.,  82.,  39.],\n",
       "         [ 88.,  81.,   0., ..., 108.,  97.,  84.],\n",
       "         ...,\n",
       "         [ 56.,  83., 108., ...,   0.,  37.,  78.],\n",
       "         [ 61.,  82.,  97., ...,  37.,   0.,  89.],\n",
       "         [100.,  39.,  84., ...,  78.,  89.,   0.]]),\n",
       "  array([[  0.,  80.,  82., ...,  62.,  74.,  67.],\n",
       "         [ 80.,   0.,  64., ...,  84.,  96., 105.],\n",
       "         [ 82.,  64.,   0., ...,  88.,  88.,  69.],\n",
       "         ...,\n",
       "         [ 62.,  84.,  88., ...,   0.,  22.,  89.],\n",
       "         [ 74.,  96.,  88., ...,  22.,   0.,  93.],\n",
       "         [ 67., 105.,  69., ...,  89.,  93.,   0.]])],\n",
       " [array([[ 0., 75., 68., 82., 57., 53.],\n",
       "         [75.,  0., 91., 71., 70., 78.],\n",
       "         [68., 91.,  0., 70., 69., 85.],\n",
       "         [82., 71., 70.,  0., 79., 83.],\n",
       "         [57., 70., 69., 79.,  0., 50.],\n",
       "         [53., 78., 85., 83., 50.,  0.]]),\n",
       "  array([[ 0., 61., 55., 64., 44., 68., 61., 63., 71., 77., 99., 53.],\n",
       "         [61.,  0., 62., 85., 53., 81.,  2., 72., 78., 64., 98., 74.],\n",
       "         [55., 62.,  0., 51., 43., 39., 62., 62., 62., 70., 94., 52.],\n",
       "         [64., 85., 51.,  0., 66., 68., 85., 93., 81., 71., 97., 83.],\n",
       "         [44., 53., 43., 66.,  0., 50., 53., 53., 55., 61., 75., 49.],\n",
       "         [68., 81., 39., 68., 50.,  0., 81., 35., 69., 73., 75., 39.],\n",
       "         [61.,  2., 62., 85., 53., 81.,  0., 72., 78., 64., 98., 74.],\n",
       "         [63., 72., 62., 93., 53., 35., 72.,  0., 74., 60., 76., 20.],\n",
       "         [71., 78., 62., 81., 55., 69., 78., 74.,  0., 80., 68., 70.],\n",
       "         [77., 64., 70., 71., 61., 73., 64., 60., 80.,  0., 94., 78.],\n",
       "         [99., 98., 94., 97., 75., 75., 98., 76., 68., 94.,  0., 88.],\n",
       "         [53., 74., 52., 83., 49., 39., 74., 20., 70., 78., 88.,  0.]]),\n",
       "  array([[  0.,  74.,  23.,  54.,  92.,  90.,  82.,  96.,  23.,  23.,  50.,\n",
       "           86.,  52.,  74.,  23.,  79.,  23.,  23.],\n",
       "         [ 74.,   0.,  71.,  70.,  92.,  90.,  70.,  72.,  71.,  75.,  80.,\n",
       "           68.,  82.,  60.,  71.,  57.,  71.,  71.],\n",
       "         [ 23.,  71.,   0.,  39.,  75.,  73.,  83.,  95.,   0.,   6.,  35.,\n",
       "           85.,  37.,  73.,   0.,  78.,   0.,   0.],\n",
       "         [ 54.,  70.,  39.,   0.,  88.,  86.,  86.,  90.,  39.,  43.,  20.,\n",
       "           60.,  22.,  78.,  39.,  73.,  39.,  39.],\n",
       "         [ 92.,  92.,  75.,  88.,   0.,   2.,  94., 102.,  75.,  79.,  76.,\n",
       "          112.,  78.,  94.,  75.,  73.,  75.,  75.],\n",
       "         [ 90.,  90.,  73.,  86.,   2.,   0.,  92., 100.,  73.,  77.,  74.,\n",
       "          110.,  76.,  92.,  73.,  71.,  73.,  73.],\n",
       "         [ 82.,  70.,  83.,  86.,  94.,  92.,   0.,  78.,  83.,  87.,  90.,\n",
       "           70.,  92.,  80.,  83.,  77.,  83.,  83.],\n",
       "         [ 96.,  72.,  95.,  90., 102., 100.,  78.,   0.,  95.,  99.,  94.,\n",
       "           52.,  96.,  66.,  95.,  55.,  95.,  95.],\n",
       "         [ 23.,  71.,   0.,  39.,  75.,  73.,  83.,  95.,   0.,   6.,  35.,\n",
       "           85.,  37.,  73.,   0.,  78.,   0.,   0.],\n",
       "         [ 23.,  75.,   6.,  43.,  79.,  77.,  87.,  99.,   6.,   0.,  39.,\n",
       "           89.,  41.,  77.,   6.,  82.,   6.,   6.],\n",
       "         [ 50.,  80.,  35.,  20.,  76.,  74.,  90.,  94.,  35.,  39.,   0.,\n",
       "           66.,   2.,  60.,  35.,  73.,  35.,  35.],\n",
       "         [ 86.,  68.,  85.,  60., 112., 110.,  70.,  52.,  85.,  89.,  66.,\n",
       "            0.,  68.,  60.,  85.,  73.,  85.,  85.],\n",
       "         [ 52.,  82.,  37.,  22.,  78.,  76.,  92.,  96.,  37.,  41.,   2.,\n",
       "           68.,   0.,  62.,  37.,  75.,  37.,  37.],\n",
       "         [ 74.,  60.,  73.,  78.,  94.,  92.,  80.,  66.,  73.,  77.,  60.,\n",
       "           60.,  62.,   0.,  73.,  61.,  73.,  73.],\n",
       "         [ 23.,  71.,   0.,  39.,  75.,  73.,  83.,  95.,   0.,   6.,  35.,\n",
       "           85.,  37.,  73.,   0.,  78.,   0.,   0.],\n",
       "         [ 79.,  57.,  78.,  73.,  73.,  71.,  77.,  55.,  78.,  82.,  73.,\n",
       "           73.,  75.,  61.,  78.,   0.,  78.,  78.],\n",
       "         [ 23.,  71.,   0.,  39.,  75.,  73.,  83.,  95.,   0.,   6.,  35.,\n",
       "           85.,  37.,  73.,   0.,  78.,   0.,   0.],\n",
       "         [ 23.,  71.,   0.,  39.,  75.,  73.,  83.,  95.,   0.,   6.,  35.,\n",
       "           85.,  37.,  73.,   0.,  78.,   0.,   0.]]),\n",
       "  array([[  0.,  81.,  78.,  65.,  67.,  96.,  69.,  66.,  70.,  66.,  81.,\n",
       "           78.,  70.,  94.,  66.,  74.,  94.,  57.,  58.,  68.,  70.,  62.,\n",
       "           65.,  66.],\n",
       "         [ 81.,   0.,  83.,  28.,  82.,  61.,  32.,  89.,  79.,  45.,   0.,\n",
       "           83.,  79.,  47.,  87.,  97.,  59.,  84.,  85.,  45.,  79.,  91.,\n",
       "           28.,  89.],\n",
       "         [ 78.,  83.,   0.,  71.,  87.,  92.,  75.,  80.,  36.,  82.,  83.,\n",
       "            0.,  36.,  90.,  80.,  72.,  90.,  71.,  72.,  60.,  36.,  96.,\n",
       "           71.,  80.],\n",
       "         [ 65.,  28.,  71.,   0.,  68.,  75.,   6.,  69.,  73.,  17.,  28.,\n",
       "           71.,  73.,  59.,  65.,  85.,  73.,  62.,  63.,  23.,  73.,  83.,\n",
       "            0.,  67.],\n",
       "         [ 67.,  82.,  87.,  68.,   0.,  97.,  72.,  57.,  71.,  71.,  82.,\n",
       "           87.,  71.,  85.,  81.,  53.,  95.,  76.,  77.,  69.,  71.,  67.,\n",
       "           68.,  81.],\n",
       "         [ 96.,  61.,  92.,  75.,  97.,   0.,  79., 108.,  94.,  78.,  61.,\n",
       "           92.,  94.,  38.,  72., 112.,   2., 103., 104.,  92.,  94.,  94.,\n",
       "           75.,  74.],\n",
       "         [ 69.,  32.,  75.,   6.,  72.,  79.,   0.,  73.,  77.,  23.,  32.,\n",
       "           75.,  77.,  63.,  69.,  89.,  77.,  66.,  67.,  23.,  77.,  87.,\n",
       "            6.,  71.],\n",
       "         [ 66.,  89.,  80.,  69.,  57., 108.,  73.,   0.,  62.,  54.,  89.,\n",
       "           80.,  62.,  96.,  60.,  50., 106.,  55.,  56.,  70.,  62.,  62.,\n",
       "           69.,  58.],\n",
       "         [ 70.,  79.,  36.,  73.,  71.,  94.,  77.,  62.,   0.,  84.,  79.,\n",
       "           36.,   0.,  92.,  80.,  60.,  92.,  71.,  72.,  74.,   0.,  80.,\n",
       "           73.,  80.],\n",
       "         [ 66.,  45.,  82.,  17.,  71.,  78.,  23.,  54.,  84.,   0.,  45.,\n",
       "           82.,  84.,  70.,  62.,  72.,  76.,  63.,  64.,  40.,  84.,  76.,\n",
       "           17.,  64.],\n",
       "         [ 81.,   0.,  83.,  28.,  82.,  61.,  32.,  89.,  79.,  45.,   0.,\n",
       "           83.,  79.,  47.,  87.,  97.,  59.,  84.,  85.,  45.,  79.,  91.,\n",
       "           28.,  89.],\n",
       "         [ 78.,  83.,   0.,  71.,  87.,  92.,  75.,  80.,  36.,  82.,  83.,\n",
       "            0.,  36.,  90.,  80.,  72.,  90.,  71.,  72.,  60.,  36.,  96.,\n",
       "           71.,  80.],\n",
       "         [ 70.,  79.,  36.,  73.,  71.,  94.,  77.,  62.,   0.,  84.,  79.,\n",
       "           36.,   0.,  92.,  80.,  60.,  92.,  71.,  72.,  74.,   0.,  80.,\n",
       "           73.,  80.],\n",
       "         [ 94.,  47.,  90.,  59.,  85.,  38.,  63.,  96.,  92.,  70.,  47.,\n",
       "           90.,  92.,   0.,  76., 108.,  36.,  93.,  94.,  68.,  92.,  96.,\n",
       "           59.,  74.],\n",
       "         [ 66.,  87.,  80.,  65.,  81.,  72.,  69.,  60.,  80.,  62.,  87.,\n",
       "           80.,  80.,  76.,   0.,  78.,  70.,  43.,  44.,  68.,  80.,  80.,\n",
       "           65.,   6.],\n",
       "         [ 74.,  97.,  72.,  85.,  53., 112.,  89.,  50.,  60.,  72.,  97.,\n",
       "           72.,  60., 108.,  78.,   0., 110.,  55.,  56.,  86.,  60.,  70.,\n",
       "           85.,  78.],\n",
       "         [ 94.,  59.,  90.,  73.,  95.,   2.,  77., 106.,  92.,  76.,  59.,\n",
       "           90.,  92.,  36.,  70., 110.,   0., 101., 102.,  90.,  92.,  92.,\n",
       "           73.,  72.],\n",
       "         [ 57.,  84.,  71.,  62.,  76., 103.,  66.,  55.,  71.,  63.,  84.,\n",
       "           71.,  71.,  93.,  43.,  55., 101.,   0.,   3.,  61.,  71.,  81.,\n",
       "           62.,  39.],\n",
       "         [ 58.,  85.,  72.,  63.,  77., 104.,  67.,  56.,  72.,  64.,  85.,\n",
       "           72.,  72.,  94.,  44.,  56., 102.,   3.,   0.,  62.,  72.,  82.,\n",
       "           63.,  40.],\n",
       "         [ 68.,  45.,  60.,  23.,  69.,  92.,  23.,  70.,  74.,  40.,  45.,\n",
       "           60.,  74.,  68.,  68.,  86.,  90.,  61.,  62.,   0.,  74.,  82.,\n",
       "           23.,  66.],\n",
       "         [ 70.,  79.,  36.,  73.,  71.,  94.,  77.,  62.,   0.,  84.,  79.,\n",
       "           36.,   0.,  92.,  80.,  60.,  92.,  71.,  72.,  74.,   0.,  80.,\n",
       "           73.,  80.],\n",
       "         [ 62.,  91.,  96.,  83.,  67.,  94.,  87.,  62.,  80.,  76.,  91.,\n",
       "           96.,  80.,  96.,  80.,  70.,  92.,  81.,  82.,  82.,  80.,   0.,\n",
       "           83.,  80.],\n",
       "         [ 65.,  28.,  71.,   0.,  68.,  75.,   6.,  69.,  73.,  17.,  28.,\n",
       "           71.,  73.,  59.,  65.,  85.,  73.,  62.,  63.,  23.,  73.,  83.,\n",
       "            0.,  67.],\n",
       "         [ 66.,  89.,  80.,  67.,  81.,  74.,  71.,  58.,  80.,  64.,  89.,\n",
       "           80.,  80.,  74.,   6.,  78.,  72.,  39.,  40.,  66.,  80.,  80.,\n",
       "           67.,   0.]]),\n",
       "  array([[  0.,  72.,  74.,  64.,  92.,  62.,  95.,  63.,  74.,  75.,  68.,\n",
       "           77.,  63.,  55.,  95.,  69.,  68.,  37.,  67.,  77.,  37.,  60.,\n",
       "           74.,  78.,  65.,  48.,  71.,  37.,  95.,  96.],\n",
       "         [ 72.,   0.,  48.,  60.,  44.,  62.,  65.,  93., 100.,  67.,  46.,\n",
       "           55.,  93.,  55.,  49.,  45.,  46.,  77.,  67.,  79.,  77.,  78.,\n",
       "           66.,  54.,  17.,  54.,  75.,  77.,  49.,  66.],\n",
       "         [ 74.,  48.,   0.,  50.,  62.,  70.,  79.,  81.,  94.,  73.,  74.,\n",
       "           63.,  81.,  45.,  67.,  45.,  74.,  65.,  57.,  49.,  65.,  78.,\n",
       "           62.,  66.,  49.,  58.,  75.,  65.,  67.,  80.],\n",
       "         [ 64.,  60.,  50.,   0.,  72.,  70.,  77.,  61.,  74.,  59.,  70.,\n",
       "           51.,  61.,  43.,  51.,  55.,  64.,  39.,   9.,  63.,  39.,  70.,\n",
       "           62.,  42.,  55.,  28.,  83.,  39.,  51.,  78.],\n",
       "         [ 92.,  44.,  62.,  72.,   0.,  80.,  77.,  91.,  96.,  77.,  70.,\n",
       "           47.,  91.,  49.,  67.,  27.,  60.,  83.,  71.,  75.,  83.,  96.,\n",
       "           86.,  62.,  51.,  82.,  83.,  83.,  67.,  78.],\n",
       "         [ 62.,  62.,  70.,  70.,  80.,   0.,  65.,  79.,  92.,  61.,  60.,\n",
       "           81.,  79.,  61.,  71.,  77.,  38.,  73.,  73.,  81.,  73.,  36.,\n",
       "           64.,  62.,  77.,  72.,  81.,  73.,  71.,  66.],\n",
       "         [ 95.,  65.,  79.,  77.,  77.,  65.,   0., 110., 101.,  54.,  51.,\n",
       "           82., 110.,  62.,  58.,  72.,  71.,  94.,  76.,  70.,  94.,  81.,\n",
       "           85.,  67.,  80.,  81., 100.,  94.,  58.,   1.],\n",
       "         [ 63.,  93.,  81.,  61.,  91.,  79., 110.,   0.,  47.,  88.,  97.,\n",
       "           84.,   0.,  72.,  82.,  78.,  83.,  28.,  68.,  84.,  28.,  83.,\n",
       "           95.,  89.,  86.,  85.,  58.,  28.,  82., 111.],\n",
       "         [ 74., 100.,  94.,  74.,  96.,  92., 101.,  47.,   0.,  73., 108.,\n",
       "           83.,  47.,  77.,  85.,  83.,  80.,  59.,  77.,  77.,  59.,  90.,\n",
       "          102.,  96.,  91.,  94.,  57.,  59.,  85., 102.],\n",
       "         [ 75.,  67.,  73.,  59.,  77.,  61.,  54.,  88.,  73.,   0.,  73.,\n",
       "           72.,  88.,  56.,  68.,  60.,  75.,  78.,  62.,  56.,  78.,  67.,\n",
       "           67.,  79.,  64.,  63.,  72.,  78.,  68.,  55.],\n",
       "         [ 68.,  46.,  74.,  70.,  70.,  60.,  51.,  97., 108.,  73.,   0.,\n",
       "           67.,  97.,  61.,  53.,  69.,  68.,  85.,  69.,  83.,  85.,  72.,\n",
       "           74.,  50.,  61.,  56.,  95.,  85.,  53.,  52.],\n",
       "         [ 77.,  55.,  63.,  51.,  47.,  81.,  82.,  84.,  83.,  72.,  67.,\n",
       "            0.,  84.,  52.,  66.,  32.,  57.,  66.,  50.,  62.,  66.,  79.,\n",
       "           77.,  41.,  48.,  65.,  82.,  66.,  66.,  83.],\n",
       "         [ 63.,  93.,  81.,  61.,  91.,  79., 110.,   0.,  47.,  88.,  97.,\n",
       "           84.,   0.,  72.,  82.,  78.,  83.,  28.,  68.,  84.,  28.,  83.,\n",
       "           95.,  89.,  86.,  85.,  58.,  28.,  82., 111.],\n",
       "         [ 55.,  55.,  45.,  43.,  49.,  61.,  62.,  72.,  77.,  56.,  61.,\n",
       "           52.,  72.,   0.,  66.,  30.,  65.,  50.,  42.,  56.,  50.,  63.,\n",
       "           53.,  51.,  44.,  51.,  60.,  50.,  66.,  63.],\n",
       "         [ 95.,  49.,  67.,  51.,  67.,  71.,  58.,  82.,  85.,  68.,  53.,\n",
       "           66.,  82.,  66.,   0.,  66.,  51.,  68.,  58.,  82.,  68.,  87.,\n",
       "           85.,  57.,  64.,  77.,  86.,  68.,   0.,  59.],\n",
       "         [ 69.,  45.,  45.,  55.,  27.,  77.,  72.,  78.,  83.,  60.,  69.,\n",
       "           32.,  78.,  30.,  66.,   0.,  63.,  60.,  54.,  50.,  60.,  75.,\n",
       "           65.,  63.,  38.,  65.,  70.,  60.,  66.,  73.],\n",
       "         [ 68.,  46.,  74.,  64.,  60.,  38.,  71.,  83.,  80.,  75.,  68.,\n",
       "           57.,  83.,  65.,  51.,  63.,   0.,  67.,  67.,  85.,  67.,  56.,\n",
       "           78.,  54.,  61.,  78.,  87.,  67.,  51.,  72.],\n",
       "         [ 37.,  77.,  65.,  39.,  83.,  73.,  94.,  28.,  59.,  78.,  85.,\n",
       "           66.,  28.,  50.,  68.,  60.,  67.,   0.,  46.,  70.,   0.,  71.,\n",
       "           81.,  69.,  68.,  63.,  72.,   0.,  68.,  95.],\n",
       "         [ 67.,  67.,  57.,   9.,  71.,  73.,  76.,  68.,  77.,  62.,  69.,\n",
       "           50.,  68.,  42.,  58.,  54.,  67.,  46.,   0.,  66.,  46.,  73.,\n",
       "           65.,  41.,  62.,  35.,  86.,  46.,  58.,  77.],\n",
       "         [ 77.,  79.,  49.,  63.,  75.,  81.,  70.,  84.,  77.,  56.,  83.,\n",
       "           62.,  84.,  56.,  82.,  50.,  85.,  70.,  66.,   0.,  70.,  83.,\n",
       "           79.,  79.,  72.,  71.,  90.,  70.,  82.,  71.],\n",
       "         [ 37.,  77.,  65.,  39.,  83.,  73.,  94.,  28.,  59.,  78.,  85.,\n",
       "           66.,  28.,  50.,  68.,  60.,  67.,   0.,  46.,  70.,   0.,  71.,\n",
       "           81.,  69.,  68.,  63.,  72.,   0.,  68.,  95.],\n",
       "         [ 60.,  78.,  78.,  70.,  96.,  36.,  81.,  83.,  90.,  67.,  72.,\n",
       "           79.,  83.,  63.,  87.,  75.,  56.,  71.,  73.,  83.,  71.,   0.,\n",
       "           28.,  80.,  79.,  72.,  79.,  71.,  87.,  82.],\n",
       "         [ 74.,  66.,  62.,  62.,  86.,  64.,  85.,  95., 102.,  67.,  74.,\n",
       "           77.,  95.,  53.,  85.,  65.,  78.,  81.,  65.,  79.,  81.,  28.,\n",
       "            0.,  82.,  61.,  64.,  59.,  81.,  85.,  86.],\n",
       "         [ 78.,  54.,  66.,  42.,  62.,  62.,  67.,  89.,  96.,  79.,  50.,\n",
       "           41.,  89.,  51.,  57.,  63.,  54.,  69.,  41.,  79.,  69.,  80.,\n",
       "           82.,   0.,  69.,  56.,  97.,  69.,  57.,  68.],\n",
       "         [ 65.,  17.,  49.,  55.,  51.,  77.,  80.,  86.,  91.,  64.,  61.,\n",
       "           48.,  86.,  44.,  64.,  38.,  61.,  68.,  62.,  72.,  68.,  79.,\n",
       "           61.,  69.,   0.,  49.,  68.,  68.,  64.,  81.],\n",
       "         [ 48.,  54.,  58.,  28.,  82.,  72.,  81.,  85.,  94.,  63.,  56.,\n",
       "           65.,  85.,  51.,  77.,  65.,  78.,  63.,  35.,  71.,  63.,  72.,\n",
       "           64.,  56.,  49.,   0.,  85.,  63.,  77.,  82.],\n",
       "         [ 71.,  75.,  75.,  83.,  83.,  81., 100.,  58.,  57.,  72.,  95.,\n",
       "           82.,  58.,  60.,  86.,  70.,  87.,  72.,  86.,  90.,  72.,  79.,\n",
       "           59.,  97.,  68.,  85.,   0.,  72.,  86., 101.],\n",
       "         [ 37.,  77.,  65.,  39.,  83.,  73.,  94.,  28.,  59.,  78.,  85.,\n",
       "           66.,  28.,  50.,  68.,  60.,  67.,   0.,  46.,  70.,   0.,  71.,\n",
       "           81.,  69.,  68.,  63.,  72.,   0.,  68.,  95.],\n",
       "         [ 95.,  49.,  67.,  51.,  67.,  71.,  58.,  82.,  85.,  68.,  53.,\n",
       "           66.,  82.,  66.,   0.,  66.,  51.,  68.,  58.,  82.,  68.,  87.,\n",
       "           85.,  57.,  64.,  77.,  86.,  68.,   0.,  59.],\n",
       "         [ 96.,  66.,  80.,  78.,  78.,  66.,   1., 111., 102.,  55.,  52.,\n",
       "           83., 111.,  63.,  59.,  73.,  72.,  95.,  77.,  71.,  95.,  82.,\n",
       "           86.,  68.,  81.,  82., 101.,  95.,  59.,   0.]]),\n",
       "  array([[ 0., 60., 56., ..., 53., 72., 61.],\n",
       "         [60.,  0., 72., ..., 59., 58., 81.],\n",
       "         [56., 72.,  0., ..., 67., 88., 61.],\n",
       "         ...,\n",
       "         [53., 59., 67., ...,  0., 95., 64.],\n",
       "         [72., 58., 88., ..., 95.,  0., 79.],\n",
       "         [61., 81., 61., ..., 64., 79.,  0.]]),\n",
       "  array([[ 0., 63., 88., ..., 79., 28., 28.],\n",
       "         [63.,  0., 75., ..., 62., 37., 37.],\n",
       "         [88., 75.,  0., ..., 61., 78., 78.],\n",
       "         ...,\n",
       "         [79., 62., 61., ...,  0., 73., 73.],\n",
       "         [28., 37., 78., ..., 73.,  0.,  0.],\n",
       "         [28., 37., 78., ..., 73.,  0.,  0.]]),\n",
       "  array([[ 0., 68., 79., ..., 61., 63., 64.],\n",
       "         [68.,  0., 71., ..., 81., 35., 36.],\n",
       "         [79., 71.,  0., ..., 28., 58., 65.],\n",
       "         ...,\n",
       "         [61., 81., 28., ...,  0., 72., 79.],\n",
       "         [63., 35., 58., ..., 72.,  0.,  7.],\n",
       "         [64., 36., 65., ..., 79.,  7.,  0.]]),\n",
       "  array([[  0.,  77.,  67., ...,  85.,  70.,  96.],\n",
       "         [ 77.,   0.,  68., ...,  66.,  73.,  73.],\n",
       "         [ 67.,  68.,   0., ...,  84.,  53.,  85.],\n",
       "         ...,\n",
       "         [ 85.,  66.,  84., ...,   0.,  73., 101.],\n",
