0.000000000000000000e+00,9.000000000000000000e+00,1.000000000000000000e+01,9.000000000000000000e+00,2.930000000000000000e+02,1.600000000000000000e+01,9.000000000000000000e+00,1.000000000000000000e+01,1.200000000000000000e+01,2.930000000000000000e+02,1.000000000000000000e+01,2.920000000000000000e+02,2.300000000000000000e+01,2.500000000000000000e+01,2.970000000000000000e+02,8.000000000000000000e+00,8.000000000000000000e+00,1.200000000000000000e+01,4.000000000000000000e+01,1.100000000000000000e+01,9.000000000000000000e+00,1.400000000000000000e+01,6.000000000000000000e+00,4.000000000000000000e+00,7.000000000000000000e+00,6.000000000000000000e+00,1.000000000000000000e+01,4.000000000000000000e+00,3.800000000000000000e+01,5.200000000000000000e+01,1.000000000000000000e+01,1.000000000000000000e+01,2.600000000000000000e+01,1.200000000000000000e+01,3.800000000000000000e+01,9.000000000000000000e+00,5.300000000000000000e+01,3.700000000000000000e+01,1.400000000000000000e+01,2.910000000000000000e+02,4.100000000000000000e+01,3.700000000000000000e+01,1.900000000000000000e+01,2.000000000000000000e+01,2.600000000000000000e+01,1.400000000000000000e+01,1.900000000000000000e+01,2.880000000000000000e+02,3.030000000000000000e+02,2.000000000000000000e+01,2.900000000000000000e+02,2.910000000000000000e+02,3.900000000000000000e+01,9.000000000000000000e+00,9.000000000000000000e+00,5.000000000000000000e+00,8.000000000000000000e+00,5.000000000000000000e+01,2.870000000000000000e+02,5.000000000000000000e+00,2.920000000000000000e+02,2.890000000000000000e+02,2.910000000000000000e+02,2.880000000000000000e+02,2.880000000000000000e+02,9.000000000000000000e+00,5.000000000000000000e+00,5.000000000000000000e+00,5.000000000000000000e+00,2.930000000000000000e+02,8.000000000000000000e+00,2.880000000000000000e+02,8.000000000000000000e+00,8.000000000000000000e+00,5.000000000000000000e+00,4.000000000000000000e+00,7.000000000000000000e+00,1.000000000000000000e+01,7.400000000000000000e+01,2.870000000000000000e+02,6.000000000000000000e+01,4.900000000000000000e+01,3.700000000000000000e+01,5.200000000000000000e+01,4.000000000000000000e+01,6.900000000000000000e+01,6.600000000000000000e+01,2.400000000000000000e+01,6.000000000000000000e+00,3.800000000000000000e+01,8.000000000000000000e+00,8.000000000000000000e+00,5.000000000000000000e+00,3.900000000000000000e+01,5.000000000000000000e+00,8.000000000000000000e+00,8.000000000000000000e+00,5.000000000000000000e+00,4.000000000000000000e+01,8.000000000000000000e+00,3.900000000000000000e+01,4.200000000000000000e+01,1.400000000000000000e+01,3.500000000000000000e+01,6.000000000000000000e+00,1.900000000000000000e+01,6.000000000000000000e+00,4.000000000000000000e+01,4.000000000000000000e+01,1.200000000000000000e+01,6.000000000000000000e+00
9.000000000000000000e+00,0.000000000000000000e+00,1.100000000000000000e+01,0.000000000000000000e+00,2.940000000000000000e+02,1.700000000000000000e+01,1.000000000000000000e+01,1.100000000000000000e+01,1.300000000000000000e+01,2.940000000000000000e+02,1.100000000000000000e+01,2.830000000000000000e+02,2.400000000000000000e+01,2.600000000000000000e+01,2.980000000000000000e+02,9.000000000000000000e+00,9.000000000000000000e+00,1.300000000000000000e+01,4.100000000000000000e+01,1.200000000000000000e+01,1.000000000000000000e+01,1.500000000000000000e+01,7.000000000000000000e+00,5.000000000000000000e+00,8.000000000000000000e+00,7.000000000000000000e+00,1.100000000000000000e+01,5.000000000000000000e+00,3.900000000000000000e+01,5.300000000000000000e+01,1.100000000000000000e+01,1.100000000000000000e+01,2.700000000000000000e+01,1.300000000000000000e+01,3.900000000000000000e+01,1.000000000000000000e+01,5.400000000000000000e+01,3.800000000000000000e+01,1.500000000000000000e+01,2.920000000000000000e+02,4.200000000000000000e+01,3.800000000000000000e+01,2.000000000000000000e+01,2.100000000000000000e+01,2.700000000000000000e+01,1.500000000000000000e+01,2.000000000000000000e+01,2.890000000000000000e+02,3.040000000000000000e+02,2.100000000000000000e+01,2.910000000000000000e+02,2.920000000000000000e+02,4.000000000000000000e+01,1.000000000000000000e+01,1.000000000000000000e+01,8.000000000000000000e+00,9.000000000000000000e+00,4.700000000000000000e+01,2.880000000000000000e+02,6.000000000000000000e+00,2.940000000000000000e+02,2.900000000000000000e+02,2.920000000000000000e+02,2.890000000000000000e+02,2.890000000000000000e+02,1.000000000000000000e+01,6.000000000000000000e+00,6.000000000000000000e+00,6.000000000000000000e+00,2.940000000000000000e+02,9.000000000000000000e+00,2.890000000000000000e+02,9.000000000000000000e+00,9.000000000000000000e+00,6.000000000000000000e+00,5.000000000000000000e+00,8.000000000000000000e+00,1.100000000000000000e+01,7.500000000000000000e+01,2.880000000000000000e+02,6.100000000000000000e+01,5.000000000000000000e+01,3.800000000000000000e+01,5.300000000000000000e+01,3.700000000000000000e+01,7.000000000000000000e+01,6.700000000000000000e+01,2.500000000000000000e+01,7.000000000000000000e+00,3.900000000000000000e+01,9.000000000000000000e+00,9.000000000000000000e+00,6.000000000000000000e+00,4.000000000000000000e+01,6.000000000000000000e+00,9.000000000000000000e+00,9.000000000000000000e+00,6.000000000000000000e+00,4.100000000000000000e+01,9.000000000000000000e+00,4.000000000000000000e+01,4.300000000000000000e+01,1.500000000000000000e+01,3.600000000000000000e+01,7.000000000000000000e+00,2.000000000000000000e+01,7.000000000000000000e+00,4.100000000000000000e+01,4.100000000000000000e+01,1.300000000000000000e+01,7.000000000000000000e+00
1.000000000000000000e+01,1.100000000000000000e+01,0.000000000000000000e+00,1.100000000000000000e+01,2.950000000000000000e+02,1.600000000000000000e+01,1.100000000000000000e+01,0.000000000000000000e+00,4.000000000000000000e+00,2.950000000000000000e+02,2.000000000000000000e+00,2.940000000000000000e+02,2.500000000000000000e+01,2.700000000000000000e+01,2.990000000000000000e+02,1.000000000000000000e+01,1.000000000000000000e+01,1.400000000000000000e+01,4.200000000000000000e+01,3.000000000000000000e+00,1.000000000000000000e+00,1.600000000000000000e+01,8.000000000000000000e+00,6.000000000000000000e+00,9.000000000000000000e+00,8.000000000000000000e+00,1.200000000000000000e+01,6.000000000000000000e+00,3.200000000000000000e+01,5.400000000000000000e+01,1.200000000000000000e+01,1.200000000000000000e+01,2.800000000000000000e+01,4.000000000000000000e+00,3.200000000000000000e+01,1.100000000000000000e+01,5.500000000000000000e+01,3.100000000000000000e+01,1.600000000000000000e+01,2.930000000000000000e+02,4.300000000000000000e+01,3.900000000000000000e+01,9.000000000000000000e+00,1.000000000000000000e+01,2.800000000000000000e+01,1.600000000000000000e+01,9.000000000000000000e+00,2.900000000000000000e+02,2.930000000000000000e+02,1.000000000000000000e+01,2.920000000000000000e+02,2.930000000000000000e+02,4.100000000000000000e+01,1.100000000000000000e+01,1.100000000000000000e+01,9.000000000000000000e+00,1.000000000000000000e+01,5.200000000000000000e+01,2.890000000000000000e+02,7.000000000000000000e+00,2.950000000000000000e+02,2.910000000000000000e+02,2.930000000000000000e+02,2.900000000000000000e+02,2.900000000000000000e+02,1.100000000000000000e+01,7.000000000000000000e+00,7.000000000000000000e+00,7.000000000000000000e+00,2.950000000000000000e+02,1.000000000000000000e+01,2.900000000000000000e+02,1.000000000000000000e+01,1.000000000000000000e+01,7.000000000000000000e+00,6.000000000000000000e+00,9.000000000000000000e+00,1.200000000000000000e+01,7.600000000000000000e+01,2.890000000000000000e+02,6.200000000000000000e+01,5.100000000000000000e+01,3.900000000000000000e+01,5.400000000000000000e+01,4.200000000000000000e+01,7.100000000000000000e+01,6.800000000000000000e+01,2.600000000000000000e+01,8.000000000000000000e+00,4.000000000000000000e+01,1.000000000000000000e+01,8.000000000000000000e+00,7.000000000000000000e+00,3.900000000000000000e+01,7.000000000000000000e+00,1.000000000000000000e+01,1.000000000000000000e+01,7.000000000000000000e+00,4.200000000000000000e+01,1.000000000000000000e+01,4.100000000000000000e+01,4.400000000000000000e+01,1.600000000000000000e+01,3.700000000000000000e+01,8.000000000000000000e+00,2.100000000000000000e+01,8.000000000000000000e+00,4.200000000000000000e+01,4.200000000000000000e+01,1.400000000000000000e+01,8.000000000000000000e+00
9.000000000000000000e+00,0.000000000000000000e+00,1.100000000000000000e+01,0.000000000000000000e+00,2.940000000000000000e+02,1.700000000000000000e+01,1.000000000000000000e+01,1.100000000000000000e+01,1.300000000000000000e+01,2.940000000000000000e+02,1.100000000000000000e+01,2.830000000000000000e+02,2.400000000000000000e+01,2.600000000000000000e+01,2.980000000000000000e+02,9.000000000000000000e+00,9.000000000000000000e+00,1.300000000000000000e+01,4.100000000000000000e+01,1.200000000000000000e+01,1.000000000000000000e+01,1.500000000000000000e+01,7.000000000000000000e+00,5.000000000000000000e+00,8.000000000000000000e+00,7.000000000000000000e+00,1.100000000000000000e+01,5.000000000000000000e+00,3.900000000000000000e+01,5.300000000000000000e+01,1.100000000000000000e+01,1.100000000000000000e+01,2.700000000000000000e+01,1.300000000000000000e+01,3.900000000000000000e+01,1.000000000000000000e+01,5.400000000000000000e+01,3.800000000000000000e+01,1.500000000000000000e+01,2.920000000000000000e+02,4.200000000000000000e+01,3.800000000000000000e+01,2.000000000000000000e+01,2.100000000000000000e+01,2.700000000000000000e+01,1.500000000000000000e+01,2.000000000000000000e+01,2.890000000000000000e+02,3.040000000000000000e+02,2.100000000000000000e+01,2.910000000000000000e+02,2.920000000000000000e+02,4.000000000000000000e+01,1.000000000000000000e+01,1.000000000000000000e+01,8.000000000000000000e+00,9.000000000000000000e+00,4.700000000000000000e+01,2.880000000000000000e+02,6.000000000000000000e+00,2.940000000000000000e+02,2.900000000000000000e+02,2.920000000000000000e+02,2.890000000000000000e+02,2.890000000000000000e+02,1.000000000000000000e+01,6.000000000000000000e+00,6.000000000000000000e+00,6.000000000000000000e+00,2.940000000000000000e+02,9.000000000000000000e+00,2.890000000000000000e+02,9.000000000000000000e+00,9.000000000000000000e+00,6.000000000000000000e+00,5.000000000000000000e+00,8.000000000000000000e+00,1.100000000000000000e+01,7.500000000000000000e+01,2.880000000000000000e+02,6.100000000000000000e+01,5.000000000000000000e+01,3.800000000000000000e+01,5.300000000000000000e+01,3.700000000000000000e+01,7.000000000000000000e+01,6.700000000000000000e+01,2.500000000000000000e+01,7.000000000000000000e+00,3.900000000000000000e+01,9.000000000000000000e+00,9.000000000000000000e+00,6.000000000000000000e+00,4.000000000000000000e+01,6.000000000000000000e+00,9.000000000000000000e+00,9.000000000000000000e+00,6.000000000000000000e+00,4.100000000000000000e+01,9.000000000000000000e+00,4.000000000000000000e+01,4.300000000000000000e+01,1.500000000000000000e+01,3.600000000000000000e+01,7.000000000000000000e+00,2.000000000000000000e+01,7.000000000000000000e+00,4.100000000000000000e+01,4.100000000000000000e+01,1.300000000000000000e+01,7.000000000000000000e+00
2.930000000000000000e+02,2.940000000000000000e+02,2.950000000000000000e+02,2.940000000000000000e+02,0.000000000000000000e+00,3.010000000000000000e+02,2.930000000000000000e+02,2.950000000000000000e+02,2.960000000000000000e+02,1.200000000000000000e+01,2.950000000000000000e+02,1.100000000000000000e+01,3.080000000000000000e+02,3.100000000000000000e+02,1.600000000000000000e+01,2.920000000000000000e+02,2.930000000000000000e+02,2.970000000000000000e+02,3.250000000000000000e+02,2.960000000000000000e+02,2.940000000000000000e+02,2.990000000000000000e+02,2.910000000000000000e+02,2.890000000000000000e+02,2.920000000000000000e+02,2.900000000000000000e+02,2.940000000000000000e+02,2.890000000000000000e+02,3.230000000000000000e+02,3.370000000000000000e+02,2.950000000000000000e+02,2.950000000000000000e+02,3.110000000000000000e+02,2.970000000000000000e+02,3.230000000000000000e+02,2.940000000000000000e+02,3.380000000000000000e+02,3.220000000000000000e+02,2.980000000000000000e+02,1.000000000000000000e+01,3.260000000000000000e+02,3.160000000000000000e+02,3.040000000000000000e+02,3.050000000000000000e+02,3.110000000000000000e+02,2.990000000000000000e+02,3.040000000000000000e+02,7.000000000000000000e+00,2.200000000000000000e+01,3.050000000000000000e+02,9.000000000000000000e+00,1.000000000000000000e+01,3.240000000000000000e+02,2.940000000000000000e+02,2.940000000000000000e+02,2.920000000000000000e+02,2.930000000000000000e+02,3.350000000000000000e+02,6.000000000000000000e+00,2.900000000000000000e+02,1.200000000000000000e+01,8.000000000000000000e+00,1.000000000000000000e+01,7.000000000000000000e+00,7.000000000000000000e+00,2.940000000000000000e+02,2.900000000000000000e+02,2.900000000000000000e+02,2.900000000000000000e+02,1.200000000000000000e+01,2.930000000000000000e+02,7.000000000000000000e+00,2.920000000000000000e+02,2.930000000000000000e+02,2.900000000000000000e+02,2.890000000000000000e+02,2.910000000000000000e+02,2.950000000000000000e+02,3.540000000000000000e+02,6.000000000000000000e+00,3.410000000000000000e+02,3.340000000000000000e+02,3.220000000000000000e+02,3.370000000000000000e+02,3.250000000000000000e+02,3.040000000000000000e+02,3.510000000000000000e+02,3.090000000000000000e+02,2.910000000000000000e+02,3.230000000000000000e+02,2.930000000000000000e+02,2.920000000000000000e+02,2.900000000000000000e+02,3.230000000000000000e+02,2.900000000000000000e+02,2.930000000000000000e+02,2.930000000000000000e+02,2.900000000000000000e+02,3.250000000000000000e+02,2.930000000000000000e+02,3.240000000000000000e+02,3.270000000000000000e+02,2.990000000000000000e+02,3.200000000000000000e+02,2.910000000000000000e+02,3.040000000000000000e+02,2.910000000000000000e+02,3.250000000000000000e+02,3.250000000000000000e+02,2.970000000000000000e+02,2.910000000000000000e+02
1.600000000000000000e+01,1.700000000000000000e+01,1.600000000000000000e+01,1.700000000000000000e+01,3.010000000000000000e+02,0.000000000000000000e+00,1.700000000000000000e+01,1.600000000000000000e+01,1.800000000000000000e+01,3.010000000000000000e+02,1.600000000000000000e+01,3.000000000000000000e+02,3.100000000000000000e+01,3.300000000000000000e+01,3.050000000000000000e+02,1.600000000000000000e+01,1.600000000000000000e+01,2.000000000000000000e+01,4.800000000000000000e+01,1.700000000000000000e+01,1.500000000000000000e+01,2.200000000000000000e+01,1.400000000000000000e+01,1.200000000000000000e+01,1.500000000000000000e+01,1.400000000000000000e+01,1.800000000000000000e+01,1.200000000000000000e+01,4.600000000000000000e+01,6.000000000000000000e+01,1.800000000000000000e+01,1.800000000000000000e+01,3.400000000000000000e+01,1.800000000000000000e+01,4.600000000000000000e+01,1.700000000000000000e+01,6.100000000000000000e+01,4.500000000000000000e+01,2.200000000000000000e+01,2.990000000000000000e+02,4.900000000000000000e+01,4.500000000000000000e+01,2.500000000000000000e+01,2.600000000000000000e+01,3.400000000000000000e+01,2.200000000000000000e+01,2.500000000000000000e+01,2.960000000000000000e+02,3.090000000000000000e+02,2.600000000000000000e+01,2.980000000000000000e+02,2.990000000000000000e+02,4.700000000000000000e+01,1.700000000000000000e+01,1.700000000000000000e+01,1.500000000000000000e+01,1.600000000000000000e+01,5.800000000000000000e+01,2.950000000000000000e+02,1.300000000000000000e+01,3.010000000000000000e+02,2.970000000000000000e+02,2.990000000000000000e+02,2.960000000000000000e+02,2.960000000000000000e+02,1.700000000000000000e+01,1.300000000000000000e+01,1.300000000000000000e+01,1.300000000000000000e+01,3.010000000000000000e+02,1.600000000000000000e+01,2.960000000000000000e+02,1.600000000000000000e+01,1.600000000000000000e+01,1.300000000000000000e+01,1.200000000000000000e+01,1.500000000000000000e+01,1.800000000000000000e+01,8.200000000000000000e+01,2.950000000000000000e+02,6.800000000000000000e+01,5.700000000000000000e+01,4.500000000000000000e+01,6.000000000000000000e+01,4.800000000000000000e+01,7.700000000000000000e+01,7.400000000000000000e+01,3.200000000000000000e+01,1.400000000000000000e+01,4.600000000000000000e+01,1.600000000000000000e+01,1.400000000000000000e+01,1.300000000000000000e+01,4.500000000000000000e+01,1.300000000000000000e+01,1.600000000000000000e+01,1.600000000000000000e+01,1.300000000000000000e+01,4.800000000000000000e+01,1.600000000000000000e+01,4.700000000000000000e+01,4.800000000000000000e+01,2.000000000000000000e+01,4.300000000000000000e+01,1.400000000000000000e+01,2.700000000000000000e+01,1.400000000000000000e+01,4.800000000000000000e+01,4.800000000000000000e+01,2.000000000000000000e+01,1.400000000000000000e+01
9.000000000000000000e+00,1.000000000000000000e+01,1.100000000000000000e+01,1.000000000000000000e+01,2.930000000000000000e+02,1.700000000000000000e+01,0.000000000000000000e+00,1.100000000000000000e+01,1.300000000000000000e+01,2.930000000000000000e+02,1.100000000000000000e+01,2.920000000000000000e+02,2.400000000000000000e+01,2.600000000000000000e+01,2.970000000000000000e+02,1.000000000000000000e+00,9.000000000000000000e+00,1.300000000000000000e+01,4.100000000000000000e+01,1.200000000000000000e+01,1.000000000000000000e+01,1.500000000000000000e+01,7.000000000000000000e+00,5.000000000000000000e+00,8.000000000000000000e+00,7.000000000000000000e+00,1.100000000000000000e+01,5.000000000000000000e+00,3.900000000000000000e+01,5.300000000000000000e+01,1.100000000000000000e+01,1.100000000000000000e+01,2.700000000000000000e+01,1.300000000000000000e+01,3.900000000000000000e+01,1.000000000000000000e+01,5.400000000000000000e+01,3.800000000000000000e+01,1.500000000000000000e+01,2.910000000000000000e+02,4.200000000000000000e+01,3.800000000000000000e+01,2.000000000000000000e+01,2.100000000000000000e+01,2.700000000000000000e+01,1.500000000000000000e+01,2.000000000000000000e+01,2.880000000000000000e+02,3.030000000000000000e+02,2.100000000000000000e+01,2.900000000000000000e+02,2.910000000000000000e+02,4.000000000000000000e+01,1.000000000000000000e+01,1.000000000000000000e+01,8.000000000000000000e+00,9.000000000000000000e+00,5.100000000000000000e+01,2.870000000000000000e+02,6.000000000000000000e+00,2.930000000000000000e+02,2.890000000000000000e+02,2.910000000000000000e+02,2.880000000000000000e+02,2.880000000000000000e+02,1.000000000000000000e+01,6.000000000000000000e+00,6.000000000000000000e+00,6.000000000000000000e+00,2.930000000000000000e+02,9.000000000000000000e+00,2.880000000000000000e+02,9.000000000000000000e+00,9.000000000000000000e+00,6.000000000000000000e+00,5.000000000000000000e+00,8.000000000000000000e+00,1.100000000000000000e+01,7.500000000000000000e+01,2.870000000000000000e+02,6.100000000000000000e+01,5.000000000000000000e+01,3.800000000000000000e+01,5.300000000000000000e+01,4.100000000000000000e+01,7.000000000000000000e+01,6.700000000000000000e+01,2.500000000000000000e+01,7.000000000000000000e+00,3.900000000000000000e+01,9.000000000000000000e+00,9.000000000000000000e+00,6.000000000000000000e+00,4.000000000000000000e+01,6.000000000000000000e+00,9.000000000000000000e+00,9.000000000000000000e+00,6.000000000000000000e+00,4.100000000000000000e+01,9.000000000000000000e+00,4.000000000000000000e+01,4.300000000000000000e+01,1.500000000000000000e+01,3.600000000000000000e+01,7.000000000000000000e+00,2.000000000000000000e+01,7.000000000000000000e+00,4.100000000000000000e+01,4.100000000000000000e+01,1.300000000000000000e+01,7.000000000000000000e+00
1.000000000000000000e+01,1.100000000000000000e+01,0.000000000000000000e+00,1.100000000000000000e+01,2.950000000000000000e+02,1.600000000000000000e+01,1.100000000000000000e+01,0.000000000000000000e+00,4.000000000000000000e+00,2.950000000000000000e+02,2.000000000000000000e+00,2.940000000000000000e+02,2.500000000000000000e+01,2.700000000000000000e+01,2.990000000000000000e+02,1.000000000000000000e+01,1.000000000000000000e+01,1.400000000000000000e+01,4.200000000000000000e+01,3.000000000000000000e+00,1.000000000000000000e+00,1.600000000000000000e+01,8.000000000000000000e+00,6.000000000000000000e+00,9.000000000000000000e+00,8.000000000000000000e+00,1.200000000000000000e+01,6.000000000000000000e+00,3.200000000000000000e+01,5.400000000000000000e+01,1.200000000000000000e+01,1.200000000000000000e+01,2.800000000000000000e+01,4.000000000000000000e+00,3.200000000000000000e+01,1.100000000000000000e+01,5.500000000000000000e+01,3.100000000000000000e+01,1.600000000000000000e+01,2.930000000000000000e+02,4.300000000000000000e+01,3.900000000000000000e+01,9.000000000000000000e+00,1.000000000000000000e+01,2.800000000000000000e+01,1.600000000000000000e+01,9.000000000000000000e+00,2.900000000000000000e+02,2.930000000000000000e+02,1.000000000000000000e+01,2.920000000000000000e+02,2.930000000000000000e+02,4.100000000000000000e+01,1.100000000000000000e+01,1.100000000000000000e+01,9.000000000000000000e+00,1.000000000000000000e+01,5.200000000000000000e+01,2.890000000000000000e+02,7.000000000000000000e+00,2.950000000000000000e+02,2.910000000000000000e+02,2.930000000000000000e+02,2.900000000000000000e+02,2.900000000000000000e+02,1.100000000000000000e+01,7.000000000000000000e+00,7.000000000000000000e+00,7.000000000000000000e+00,2.950000000000000000e+02,1.000000000000000000e+01,2.900000000000000000e+02,1.000000000000000000e+01,1.000000000000000000e+01,7.000000000000000000e+00,6.000000000000000000e+00,9.000000000000000000e+00,1.200000000000000000e+01,7.600000000000000000e+01,2.890000000000000000e+02,6.200000000000000000e+01,5.100000000000000000e+01,3.900000000000000000e+01,5.400000000000000000e+01,4.200000000000000000e+01,7.100000000000000000e+01,6.800000000000000000e+01,2.600000000000000000e+01,8.000000000000000000e+00,4.000000000000000000e+01,1.000000000000000000e+01,8.000000000000000000e+00,7.000000000000000000e+00,3.900000000000000000e+01,7.000000000000000000e+00,1.000000000000000000e+01,1.000000000000000000e+01,7.000000000000000000e+00,4.200000000000000000e+01,1.000000000000000000e+01,4.100000000000000000e+01,4.400000000000000000e+01,1.600000000000000000e+01,3.700000000000000000e+01,8.000000000000000000e+00,2.100000000000000000e+01,8.000000000000000000e+00,4.200000000000000000e+01,4.200000000000000000e+01,1.400000000000000000e+01,8.000000000000000000e+00
1.200000000000000000e+01,1.300000000000000000e+01,4.000000000000000000e+00,1.300000000000000000e+01,2.960000000000000000e+02,1.800000000000000000e+01,1.300000000000000000e+01,4.000000000000000000e+00,0.000000000000000000e+00,2.960000000000000000e+02,4.000000000000000000e+00,2.950000000000000000e+02,2.700000000000000000e+01,2.900000000000000000e+01,3.000000000000000000e+02,1.200000000000000000e+01,1.200000000000000000e+01,1.600000000000000000e+01,4.400000000000000000e+01,5.000000000000000000e+00,3.000000000000000000e+00,1.800000000000000000e+01,1.000000000000000000e+01,8.000000000000000000e+00,1.100000000000000000e+01,1.000000000000000000e+01,1.400000000000000000e+01,8.000000000000000000e+00,3.400000000000000000e+01,5.600000000000000000e+01,1.400000000000000000e+01,1.400000000000000000e+01,3.000000000000000000e+01,4.000000000000000000e+00,3.400000000000000000e+01,1.300000000000000000e+01,5.700000000000000000e+01,3.300000000000000000e+01,1.800000000000000000e+01,2.940000000000000000e+02,4.500000000000000000e+01,4.100000000000000000e+01,1.300000000000000000e+01,1.400000000000000000e+01,3.000000000000000000e+01,1.800000000000000000e+01,1.300000000000000000e+01,2.910000000000000000e+02,2.960000000000000000e+02,1.400000000000000000e+01,2.930000000000000000e+02,2.940000000000000000e+02,4.300000000000000000e+01,1.300000000000000000e+01,1.300000000000000000e+01,1.100000000000000000e+01,1.200000000000000000e+01,5.400000000000000000e+01,2.900000000000000000e+02,9.000000000000000000e+00,2.960000000000000000e+02,2.920000000000000000e+02,2.940000000000000000e+02,2.910000000000000000e+02,2.910000000000000000e+02,1.300000000000000000e+01,9.000000000000000000e+00,9.000000000000000000e+00,9.000000000000000000e+00,2.960000000000000000e+02,1.200000000000000000e+01,2.910000000000000000e+02,1.200000000000000000e+01,1.200000000000000000e+01,9.000000000000000000e+00,8.000000000000000000e+00,1.100000000000000000e+01,1.400000000000000000e+01,7.800000000000000000e+01,2.900000000000000000e+02,6.400000000000000000e+01,5.300000000000000000e+01,4.100000000000000000e+01,5.600000000000000000e+01,4.400000000000000000e+01,7.200000000000000000e+01,7.000000000000000000e+01,2.800000000000000000e+01,1.000000000000000000e+01,4.200000000000000000e+01,1.200000000000000000e+01,1.000000000000000000e+01,9.000000000000000000e+00,4.100000000000000000e+01,9.000000000000000000e+00,1.200000000000000000e+01,1.200000000000000000e+01,9.000000000000000000e+00,4.400000000000000000e+01,1.200000000000000000e+01,4.300000000000000000e+01,4.600000000000000000e+01,1.800000000000000000e+01,3.900000000000000000e+01,1.000000000000000000e+01,2.300000000000000000e+01,1.000000000000000000e+01,4.400000000000000000e+01,4.400000000000000000e+01,1.600000000000000000e+01,1.000000000000000000e+01
2.930000000000000000e+02,2.940000000000000000e+02,2.950000000000000000e+02,2.940000000000000000e+02,1.200000000000000000e+01,3.010000000000000000e+02,2.930000000000000000e+02,2.950000000000000000e+02,2.960000000000000000e+02,0.000000000000000000e+00,2.950000000000000000e+02,1.100000000000000000e+01,3.080000000000000000e+02,3.100000000000000000e+02,1.600000000000000000e+01,2.920000000000000000e+02,2.930000000000000000e+02,2.970000000000000000e+02,3.250000000000000000e+02,2.960000000000000000e+02,2.940000000000000000e+02,2.990000000000000000e+02,2.910000000000000000e+02,2.890000000000000000e+02,2.900000000000000000e+02,2.900000000000000000e+02,2.940000000000000000e+02,2.890000000000000000e+02,3.230000000000000000e+02,3.370000000000000000e+02,2.950000000000000000e+02,2.950000000000000000e+02,3.110000000000000000e+02,2.970000000000000000e+02,3.230000000000000000e+02,2.940000000000000000e+02,3.380000000000000000e+02,3.220000000000000000e+02,2.980000000000000000e+02,1.000000000000000000e+01,3.260000000000000000e+02,3.160000000000000000e+02,3.040000000000000000e+02,3.050000000000000000e+02,3.110000000000000000e+02,2.990000000000000000e+02,3.040000000000000000e+02,7.000000000000000000e+00,2.200000000000000000e+01,3.050000000000000000e+02,9.000000000000000000e+00,1.000000000000000000e+01,3.240000000000000000e+02,2.940000000000000000e+02,2.940000000000000000e+02,2.920000000000000000e+02,2.930000000000000000e+02,3.350000000000000000e+02,6.000000000000000000e+00,2.900000000000000000e+02,1.200000000000000000e+01,8.000000000000000000e+00,1.000000000000000000e+01,7.000000000000000000e+00,7.000000000000000000e+00,2.940000000000000000e+02,2.900000000000000000e+02,2.900000000000000000e+02,2.900000000000000000e+02,1.200000000000000000e+01,2.930000000000000000e+02,7.000000000000000000e+00,2.920000000000000000e+02,2.930000000000000000e+02,2.900000000000000000e+02,2.890000000000000000e+02,2.910000000000000000e+02,2.950000000000000000e+02,3.540000000000000000e+02,6.000000000000000000e+00,3.410000000000000000e+02,3.340000000000000000e+02,3.220000000000000000e+02,3.370000000000000000e+02,3.250000000000000000e+02,3.040000000000000000e+02,3.510000000000000000e+02,3.090000000000000000e+02,2.910000000000000000e+02,3.230000000000000000e+02,2.930000000000000000e+02,2.920000000000000000e+02,2.900000000000000000e+02,3.230000000000000000e+02,2.900000000000000000e+02,2.930000000000000000e+02,2.930000000000000000e+02,2.900000000000000000e+02,3.250000000000000000e+02,2.930000000000000000e+02,3.240000000000000000e+02,3.270000000000000000e+02,2.990000000000000000e+02,3.200000000000000000e+02,2.910000000000000000e+02,3.040000000000000000e+02,2.910000000000000000e+02,3.250000000000000000e+02,3.250000000000000000e+02,2.970000000000000000e+02,2.910000000000000000e+02
1.000000000000000000e+01,1.100000000000000000e+01,2.000000000000000000e+00,1.100000000000000000e+01,2.950000000000000000e+02,1.600000000000000000e+01,1.100000000000000000e+01,2.000000000000000000e+00,4.000000000000000000e+00,2.950000000000000000e+02,0.000000000000000000e+00,2.940000000000000000e+02,2.500000000000000000e+01,2.700000000000000000e+01,2.990000000000000000e+02,1.000000000000000000e+01,1.000000000000000000e+01,1.400000000000000000e+01,4.200000000000000000e+01,3.000000000000000000e+00,1.000000000000000000e+00,1.600000000000000000e+01,8.000000000000000000e+00,6.000000000000000000e+00,9.000000000000000000e+00,8.000000000000000000e+00,1.200000000000000000e+01,6.000000000000000000e+00,3.200000000000000000e+01,5.400000000000000000e+01,1.200000000000000000e+01,1.200000000000000000e+01,2.800000000000000000e+01,4.000000000000000000e+00,3.200000000000000000e+01,1.100000000000000000e+01,5.500000000000000000e+01,3.100000000000000000e+01,1.600000000000000000e+01,2.930000000000000000e+02,4.300000000000000000e+01,3.900000000000000000e+01,1.100000000000000000e+01,1.200000000000000000e+01,2.800000000000000000e+01,1.600000000000000000e+01,1.100000000000000000e+01,2.900000000000000000e+02,2.950000000000000000e+02,1.200000000000000000e+01,2.920000000000000000e+02,2.930000000000000000e+02,4.100000000000000000e+01,1.100000000000000000e+01,1.100000000000000000e+01,9.000000000000000000e+00,1.000000000000000000e+01,5.200000000000000000e+01,2.890000000000000000e+02,7.000000000000000000e+00,2.950000000000000000e+02,2.910000000000000000e+02,2.930000000000000000e+02,2.900000000000000000e+02,2.900000000000000000e+02,1.100000000000000000e+01,7.000000000000000000e+00,7.000000000000000000e+00,7.000000000000000000e+00,2.950000000000000000e+02,1.000000000000000000e+01,2.900000000000000000e+02,1.000000000000000000e+01,1.000000000000000000e+01,7.000000000000000000e+00,6.000000000000000000e+00,9.000000000000000000e+00,1.200000000000000000e+01,7.600000000000000000e+01,2.890000000000000000e+02,6.200000000000000000e+01,5.100000000000000000e+01,3.900000000000000000e+01,5.400000000000000000e+01,4.200000000000000000e+01,7.100000000000000000e+01,6.800000000000000000e+01,2.600000000000000000e+01,8.000000000000000000e+00,4.000000000000000000e+01,1.000000000000000000e+01,8.000000000000000000e+00,7.000000000000000000e+00,3.900000000000000000e+01,7.000000000000000000e+00,1.000000000000000000e+01,1.000000000000000000e+01,7.000000000000000000e+00,4.200000000000000000e+01,1.000000000000000000e+01,4.100000000000000000e+01,4.400000000000000000e+01,1.600000000000000000e+01,3.700000000000000000e+01,8.000000000000000000e+00,2.100000000000000000e+01,8.000000000000000000e+00,4.200000000000000000e+01,4.200000000000000000e+01,1.400000000000000000e+01,8.000000000000000000e+00
2.920000000000000000e+02,2.830000000000000000e+02,2.940000000000000000e+02,2.830000000000000000e+02,1.100000000000000000e+01,3.000000000000000000e+02,2.920000000000000000e+02,2.940000000000000000e+02,2.950000000000000000e+02,1.100000000000000000e+01,2.940000000000000000e+02,0.000000000000000000e+00,3.070000000000000000e+02,3.090000000000000000e+02,1.500000000000000000e+01,2.910000000000000000e+02,2.920000000000000000e+02,2.960000000000000000e+02,3.240000000000000000e+02,2.950000000000000000e+02,2.930000000000000000e+02,2.980000000000000000e+02,2.900000000000000000e+02,2.880000000000000000e+02,2.910000000000000000e+02,2.890000000000000000e+02,2.930000000000000000e+02,2.880000000000000000e+02,3.220000000000000000e+02,3.360000000000000000e+02,2.940000000000000000e+02,2.940000000000000000e+02,3.100000000000000000e+02,2.960000000000000000e+02,3.220000000000000000e+02,2.930000000000000000e+02,3.370000000000000000e+02,3.210000000000000000e+02,2.970000000000000000e+02,9.000000000000000000e+00,3.250000000000000000e+02,3.150000000000000000e+02,3.030000000000000000e+02,3.040000000000000000e+02,3.100000000000000000e+02,2.980000000000000000e+02,3.030000000000000000e+02,6.000000000000000000e+00,2.100000000000000000e+01,3.040000000000000000e+02,8.000000000000000000e+00,9.000000000000000000e+00,3.230000000000000000e+02,2.930000000000000000e+02,2.930000000000000000e+02,2.910000000000000000e+02,2.920000000000000000e+02,3.300000000000000000e+02,5.000000000000000000e+00,2.890000000000000000e+02,1.100000000000000000e+01,7.000000000000000000e+00,9.000000000000000000e+00,6.000000000000000000e+00,6.000000000000000000e+00,2.930000000000000000e+02,2.890000000000000000e+02,2.890000000000000000e+02,2.890000000000000000e+02,1.100000000000000000e+01,2.920000000000000000e+02,6.000000000000000000e+00,2.910000000000000000e+02,2.920000000000000000e+02,2.890000000000000000e+02,2.880000000000000000e+02,2.900000000000000000e+02,2.940000000000000000e+02,3.530000000000000000e+02,5.000000000000000000e+00,3.400000000000000000e+02,3.330000000000000000e+02,3.210000000000000000e+02,3.360000000000000000e+02,3.200000000000000000e+02,3.030000000000000000e+02,3.500000000000000000e+02,3.080000000000000000e+02,2.900000000000000000e+02,3.220000000000000000e+02,2.920000000000000000e+02,2.910000000000000000e+02,2.890000000000000000e+02,3.220000000000000000e+02,2.890000000000000000e+02,2.920000000000000000e+02,2.920000000000000000e+02,2.890000000000000000e+02,3.240000000000000000e+02,2.920000000000000000e+02,3.230000000000000000e+02,3.260000000000000000e+02,2.980000000000000000e+02,3.190000000000000000e+02,2.900000000000000000e+02,3.030000000000000000e+02,2.900000000000000000e+02,3.240000000000000000e+02,3.240000000000000000e+02,2.960000000000000000e+02,2.900000000000000000e+02
2.300000000000000000e+01,2.400000000000000000e+01,2.500000000000000000e+01,2.400000000000000000e+01,3.080000000000000000e+02,3.100000000000000000e+01,2.400000000000000000e+01,2.500000000000000000e+01,2.700000000000000000e+01,3.080000000000000000e+02,2.500000000000000000e+01,3.070000000000000000e+02,0.000000000000000000e+00,4.000000000000000000e+01,3.120000000000000000e+02,2.300000000000000000e+01,2.100000000000000000e+01,2.700000000000000000e+01,5.500000000000000000e+01,2.600000000000000000e+01,2.400000000000000000e+01,2.900000000000000000e+01,2.100000000000000000e+01,1.900000000000000000e+01,2.200000000000000000e+01,2.100000000000000000e+01,2.500000000000000000e+01,1.900000000000000000e+01,5.300000000000000000e+01,6.700000000000000000e+01,2.500000000000000000e+01,2.500000000000000000e+01,4.100000000000000000e+01,2.700000000000000000e+01,5.300000000000000000e+01,2.400000000000000000e+01,6.800000000000000000e+01,5.200000000000000000e+01,2.900000000000000000e+01,3.060000000000000000e+02,5.600000000000000000e+01,5.200000000000000000e+01,3.400000000000000000e+01,3.500000000000000000e+01,4.100000000000000000e+01,2.900000000000000000e+01,3.400000000000000000e+01,3.030000000000000000e+02,3.180000000000000000e+02,3.500000000000000000e+01,3.050000000000000000e+02,3.060000000000000000e+02,5.400000000000000000e+01,2.400000000000000000e+01,2.400000000000000000e+01,2.000000000000000000e+01,2.300000000000000000e+01,6.500000000000000000e+01,3.020000000000000000e+02,2.000000000000000000e+01,3.080000000000000000e+02,3.040000000000000000e+02,3.060000000000000000e+02,3.030000000000000000e+02,3.030000000000000000e+02,2.400000000000000000e+01,2.000000000000000000e+01,2.000000000000000000e+01,2.000000000000000000e+01,3.080000000000000000e+02,2.300000000000000000e+01,3.030000000000000000e+02,2.300000000000000000e+01,2.300000000000000000e+01,2.000000000000000000e+01,1.900000000000000000e+01,2.200000000000000000e+01,2.500000000000000000e+01,8.900000000000000000e+01,3.020000000000000000e+02,7.500000000000000000e+01,6.400000000000000000e+01,5.200000000000000000e+01,6.700000000000000000e+01,5.500000000000000000e+01,8.400000000000000000e+01,8.100000000000000000e+01,3.900000000000000000e+01,2.100000000000000000e+01,5.300000000000000000e+01,2.300000000000000000e+01,2.300000000000000000e+01,2.000000000000000000e+01,5.400000000000000000e+01,2.000000000000000000e+01,2.300000000000000000e+01,2.300000000000000000e+01,2.000000000000000000e+01,5.500000000000000000e+01,2.300000000000000000e+01,5.400000000000000000e+01,5.700000000000000000e+01,2.900000000000000000e+01,5.000000000000000000e+01,2.100000000000000000e+01,3.400000000000000000e+01,2.100000000000000000e+01,5.500000000000000000e+01,5.500000000000000000e+01,2.700000000000000000e+01,2.100000000000000000e+01
2.500000000000000000e+01,2.600000000000000000e+01,2.700000000000000000e+01,2.600000000000000000e+01,3.100000000000000000e+02,3.300000000000000000e+01,2.600000000000000000e+01,2.700000000000000000e+01,2.900000000000000000e+01,3.100000000000000000e+02,2.700000000000000000e+01,3.090000000000000000e+02,4.000000000000000000e+01,0.000000000000000000e+00,3.140000000000000000e+02,2.500000000000000000e+01,2.500000000000000000e+01,2.900000000000000000e+01,2.700000000000000000e+01,2.800000000000000000e+01,2.600000000000000000e+01,3.100000000000000000e+01,2.300000000000000000e+01,2.100000000000000000e+01,2.400000000000000000e+01,2.300000000000000000e+01,2.700000000000000000e+01,2.100000000000000000e+01,2.500000000000000000e+01,3.500000000000000000e+01,2.700000000000000000e+01,2.700000000000000000e+01,1.300000000000000000e+01,2.900000000000000000e+01,2.500000000000000000e+01,2.600000000000000000e+01,3.600000000000000000e+01,2.000000000000000000e+01,3.100000000000000000e+01,3.080000000000000000e+02,2.400000000000000000e+01,2.400000000000000000e+01,3.600000000000000000e+01,3.700000000000000000e+01,1.500000000000000000e+01,3.100000000000000000e+01,3.600000000000000000e+01,3.050000000000000000e+02,3.200000000000000000e+02,3.700000000000000000e+01,3.070000000000000000e+02,3.080000000000000000e+02,2.200000000000000000e+01,2.600000000000000000e+01,2.600000000000000000e+01,2.400000000000000000e+01,2.500000000000000000e+01,3.300000000000000000e+01,3.040000000000000000e+02,2.200000000000000000e+01,3.100000000000000000e+02,3.060000000000000000e+02,3.080000000000000000e+02,3.050000000000000000e+02,3.050000000000000000e+02,2.600000000000000000e+01,2.200000000000000000e+01,2.200000000000000000e+01,2.200000000000000000e+01,3.100000000000000000e+02,2.500000000000000000e+01,3.050000000000000000e+02,2.500000000000000000e+01,2.500000000000000000e+01,2.200000000000000000e+01,2.100000000000000000e+01,2.400000000000000000e+01,2.700000000000000000e+01,5.700000000000000000e+01,3.040000000000000000e+02,4.300000000000000000e+01,3.200000000000000000e+01,2.000000000000000000e+01,3.500000000000000000e+01,2.300000000000000000e+01,6.000000000000000000e+01,4.900000000000000000e+01,4.100000000000000000e+01,2.300000000000000000e+01,2.100000000000000000e+01,2.500000000000000000e+01,2.500000000000000000e+01,2.200000000000000000e+01,2.200000000000000000e+01,2.200000000000000000e+01,2.500000000000000000e+01,2.500000000000000000e+01,2.200000000000000000e+01,2.300000000000000000e+01,2.500000000000000000e+01,2.200000000000000000e+01,2.500000000000000000e+01,1.900000000000000000e+01,1.800000000000000000e+01,2.300000000000000000e+01,3.600000000000000000e+01,2.300000000000000000e+01,2.500000000000000000e+01,2.700000000000000000e+01,2.900000000000000000e+01,2.300000000000000000e+01
